0 0.369411 0.449982 0.039008 0.076593
3 0.648871 0.296279 0.078598 0.087978
3 0.685841 0.377529 0.086167 0.084873
2 0.653237 0.730994 0.009315 0.030016
2 0.520494 0.942141 0.015137 0.032086
2 0.476537 0.967500 0.008733 0.031051
2 0.501863 0.962325 0.008151 0.022771
2 0.507394 0.942659 0.007569 0.024841
2 0.473917 0.991513 0.006986 0.016974
1 0.242781 0.356829 0.064043 0.055892
0 0.366791 0.186048 0.061714 0.039331
3 0.409583 0.082027 0.045994 0.083838
3 0.362133 0.033897 0.055892 0.060032
1 0.104797 0.170522 0.050070 0.053822